2|11|5|4|33  10
4|22|5|4|11  15
3|17|5|4|88  11
3|18|7|4|88  13
4|21|7|4|55  17
2|8|5|4|33  14
2|2|6|4|100  18
2|6|5|4|33  22
2|5|9|4|33  24
4|20|5|4|55  12
4|23|6|4|11  15
3|15|5|4|88  19
3|13|5|4|88  25
4|24|5|4|11  21
2|11|5|4|77  10
2|4|8|4|33  18
2|6|5|4|100  11
2|4|8|4|100  25
2|9|5|4|33  17
2|10|6|4|77  20
4|21|7|4|11  20
2|6|5|4|77  14
2|1|5|4|33  17
2|7|5|4|33  15
3|19|5|4|88  16
2|1|5|4|77  23
4|23|6|4|55  19
2|8|5|4|77  24
2|2|6|4|77  17
4|24|5|4|55  16
2|2|6|4|33  11
2|7|5|4|77  16
4|20|5|4|11  12
2|5|9|4|77  22
2|3|7|4|77  12
2|10|6|4|33  16
2|3|7|4|100  20
2|9|5|4|100  22
4|26|5|4|11  16
2|5|9|4|100  20
4|22|5|4|55  18
4|27|7|4|55  25
2|8|5|4|100  23
4|26|5|4|55  25
2|9|5|4|77  15
3|16|9|4|88  20
2|10|6|4|100  16
2|4|8|4|77  12
4|25|9|4|11  11
2|1|5|4|100  13
4|27|7|4|11  15
3|14|7|4|88  10
2|11|5|4|100  23
3|12|8|4|88  18
4|25|9|4|55  26
2|7|5|4|100  21
2|3|7|4|33  24
