2|4|1|8|5|33  1
4|4|1|24|5|11  9
2|4|1|4|8|100  4
2|4|1|5|9|33  2
2|4|1|1|5|33  2
2|4|1|4|8|77  4
2|4|1|4|8|33  4
2|4|1|2|6|100  3
2|4|1|7|5|33  4
4|4|1|25|9|55  6
2|4|1|5|9|100  1
4|4|1|20|5|55  5
4|4|1|23|6|55  9
3|4|1|14|7|88  14
4|4|1|22|5|55  5
4|4|1|27|7|55  6
4|4|1|21|7|11  4
2|4|1|6|5|100  2
3|4|1|17|5|88  9
4|4|1|23|6|11  7
4|4|1|26|5|11  5
2|4|1|8|5|100  5
2|4|1|2|6|33  7
2|4|1|1|5|100  4
2|4|1|11|5|77  6
2|4|1|6|5|77  1
2|4|1|11|5|100  8
2|4|1|10|6|77  1
3|4|1|18|7|88  8
2|4|1|3|7|77  4
4|4|1|21|7|55  9
4|4|1|22|5|11  4
3|4|1|12|8|88  12
2|4|1|8|5|77  1
2|4|1|9|5|100  2
3|4|1|16|9|88  9
3|4|1|15|5|88  15
3|4|1|13|5|88  10
4|4|1|20|5|11  9
2|4|1|9|5|77  4
2|4|1|7|5|100  2
4|4|1|27|7|11  7
2|4|1|11|5|33  3
2|4|1|3|7|33  7
2|4|1|6|5|33  2
4|4|1|24|5|55  8
4|4|1|25|9|11  5
4|4|1|26|5|55  5
2|4|1|2|6|77  2
2|4|1|10|6|100  3
2|4|1|9|5|33  3
2|4|1|5|9|77  8
2|4|1|10|6|33  2
3|4|1|19|5|88  11
2|4|1|1|5|77  7
